16
0.002756 0.002476 0.001577 0.004346 0.003363 0.002504 0.007870 0.001728 0.000089 0.004246 0.008092 0.004078 0.003019 0.004327 0.001819 0.007635 
0.006403 0.000531 0.008000 0.000057 0.007024 0.001903 0.000960 0.000520 0.002423 0.006573 0.001204 0.001612 0.004243 0.002893 0.002349 0.006999 
0.005369 0.003926 0.003233 0.000620 0.006429 0.002991 0.002348 0.006518 0.007237 0.002328 0.002484 0.002144 0.006655 0.004304 0.001666 0.004946 
0.004834 0.001553 0.005003 0.003746 0.003456 0.005963 0.004267 0.005878 0.004424 0.005470 0.007490 0.000555 0.000251 0.001727 0.007554 0.005620 
0.005652 0.002675 0.006240 0.003969 0.005666 0.000476 0.002375 0.004791 0.002804 0.004860 0.006934 0.001347 0.001051 0.000488 0.006293 0.005886 
0.002041 0.003184 0.001520 0.005496 0.001035 0.005786 0.003262 0.005458 0.003144 0.002640 0.006013 0.003395 0.004366 0.005454 0.000903 0.001906 
0.000017 0.007143 0.005876 0.005682 0.007619 0.000139 0.002361 0.002310 0.004998 0.001183 0.003657 0.006050 0.001670 0.001837 0.003823 0.003711 
0.005021 0.005342 0.001095 0.006055 0.003016 0.004358 0.003401 0.006160 0.006998 0.001302 0.001444 0.003252 0.006756 0.002347 0.005158 0.006773 
0.001377 0.002922 0.004343 0.000884 0.003060 0.006704 0.003194 0.008059 0.007886 0.006850 0.005996 0.001444 0.000575 0.001706 0.005156 0.005596 
0.007049 0.006251 0.003539 0.001952 0.002496 0.006940 0.000001 0.001381 0.000129 0.001444 0.004633 0.006885 0.003791 0.001679 0.005546 0.005168 
0.004601 0.001777 0.006052 0.007661 0.000368 0.001133 0.007607 0.000143 0.007983 0.005491 0.001587 0.000446 0.007197 0.006743 0.006042 0.006133 
0.004881 0.001468 0.008086 0.007377 0.000296 0.008086 0.000646 0.000425 0.001418 0.005279 0.007311 0.005209 0.006958 0.004744 0.002265 0.003447 
0.006521 0.000204 0.002995 0.006890 0.001337 0.002490 0.007032 0.001208 0.007981 0.000507 0.001654 0.007065 0.007249 0.007696 0.005086 0.004018 
0.001052 0.005060 0.003283 0.001348 0.005034 0.003929 0.001773 0.006452 0.001095 0.000972 0.003548 0.008054 0.005716 0.005813 0.003388 0.004125 
0.006017 0.006383 0.002902 0.007354 0.000761 0.001822 0.000450 0.000629 0.002329 0.002104 0.007694 0.001466 0.001688 0.004668 0.005484 0.002741 
0.001616 0.000654 0.004089 0.006649 0.004583 0.005862 0.004989 0.005678 0.006834 0.000425 0.005620 0.004438 0.006238 0.000896 0.000450 0.004143 
